0
3748
7447
11052
14507
17772
20800
23553
25993
28089
29814
31140
32056
32549
32607
32233
31434
30217
28599
26603
24254
21582
18627
15422
12015
8446
4769
1024
-2729
-6451
-10084
-13586
-16906
-20004
-22834
-25364
-27557
-29384
-30822
-31854
-32459
-32636
-32383
-31696
-30592
-29081
-27187
-24929
-22344
-19461
-16321
-12964
-9436
-5781
-2052
1706
5439
9103
12644
16020
19180
22089
24704
26992
28920
30468
31610
32333
32629
32491
31921
30930
29531
27736
25576
23080
20271
17199
13896
10411
6785
3072
-683
-4427
-8117
-11695
-15120
-18344
-21328
-24023
-26404
-28434
-30088
-31341
-32181
-32595
-32574
-32123
-31247
-29955
-28266
-26206
-23793
-21069
-18063
-14820
-11378
-7789
-4092
-345
3409
7116
10730
14201
17486
20535
23315
25786
27914
29671
31038
31991
32520
32619
32286
31523
30343
28764
26798
24480
21838
18906
15721
12331
8775
5105
1365
-2389
-6117
-9759
-13276
-16613
-19732
-22590
-25149
-27371
-29234
-30709
-31776
-32421
-32640
-32422
-31776
-30711
-29236
-27373
-25151
-22592
-19735
-16616
-13279
-9762
-6120
-2392
1362
5102
8772
12328
15718
18903
21835
24479
26796
28762
30342
31523
32286
32619
32520
31992
31039
29673
27916
25787
23318
20538
17488
14204
10733
7119
3412
-342
-4089
-7786
-11375
-14817
-18061
-21066
-23790
-26204
-28264
-29953
-31246
-32123
-32573
-32595
-32182
-31342
-30090
-28436
-26406
-24025
-21330
-18346
-15123
-11698
-8120
-4430
-686
3069
6782
10408
13894
17196
20269
23075
25574
27734
29530
30929
31921
32490
32629
32333
31611
30469
28921
26994
24706
22091
19182
16023
12646
9106
5442
1709
-2048
-5778
-9434
-12961
-16319
-19458
-22342
-24927
-27186
-29079
-30591
-31696
-32382
-32636
-32459
-31855
-30823
-29385
-27558
-25366
-22836
-20006
-16909
-13589
-10087
-6454
-2733
1020
4766
8442
12012
15419
18624
21580
24252
26601
28597
30215
31434
32232
32607
32549
32057
31141
29815
28091
25995
23555
20802
17774
14510
11055
7450
3751
1
-3751
-7450
-11055
-14510
-17775
-20803
-23556
-25996
-28092
-29817
-31143
-32059
-32552
-32610
-32236
-31437
-30220
-28602
-26606
-24257
-21585
-18629
-15425
-12018
-8449
-4772
-1027
2726
6448
10081
13583
16903
20001
22831
25361
27554
29381
30819
31851
32456
32633
32380
31693
30589
29078
27184
24926
22341
19458
16319
12961
9434
5778
2049
-1709
-5442
-9106
-12647
-16023
-19183
-22092
-24707
-26995
-28923
-30471
-31613
-32336
-32632
-32494
-31924
-30933
-29534
-27739
-25579
-23083
-20274
-17202
-13899
-10414
-6788
-3075
680
4424
8114
11692
15117
18341
21325
24020
26401
28431
30085
31338
32178
32592
32571
32121
31244
29952
28263
26203
23790
21066
18060
14817
11375
7786
4089
342
-3412
-7119
-10733
-14204
-17489
-20538
-23318
-25789
-27917
-29674
-31041
-31994
-32523
-32622
-32289
-31526
-30345
-28767
-26801
-24483
-21841
-18909
-15724
-12334
-8778
-5108
-1368
2386
6114
9756
13273
16610
19730
22587
25146
27368
29231
30706
31773
32418
32637
32419
31773
30708
29233
27370
25148
22589
19732
16613
13276
9759
6117
2389
-1365
-5105
-8775
-12331
-15721
-18906
-21838
-24481
-26799
-28765
-30345
-31526
-32289
-32622
-32523
-31995
-31042
-29676
-27919
-25790
-23321
-20541
-17491
-14207
-10736
-7122
-3415
339
4086
7783
11372
14814
18058
21063
23787
26201
28261
29950
31243
32120
32570
32592
32179
31339
30087
28433
26403
24022
21327
18343
15120
11695
8117
4427
683
-3072
-6785
-10411
-13897
-17199
-20272
-23078
-25577
-27737
-29533
-30932
-31924
-32493
-32632
-32336
-31614
-30472
-28924
-26997
-24709
-22094
-19185
-16026
-12649
-9109
-5445
-1712
2045
5775
9431
12958
16316
19456
22339
24924
27183
29076
30588
31693
32379
32633
32456
31852
30820
29382
27555
25363
22833
20004
16906
13586
10084
6451
2730
-1023
-4769
-8445
-12015
-15422
-18627
-21583
-24255
-26604
-28600
-30218
-31436
-32235
-32610
-32552
-32060
-31144
-29818
-28094
-25998
-23558
-20805
-17777
-14513
-11058
-7453
-3754
-4
3748
7447
11052
14507
17772
20800
23553
25993
28089
29814
31140
32056
32549
32607
32233
31434
30217
28599
26603
24254
21582
18627
15422
12015
8446
4769
1024
-2729
-6451
-10084
-13586
-16906
-20004
-22834
-25364
-27557
-29384
-30822
-31854
-32459
-32636
-32383
-31696
-30592
-29081
-27187
-24929
-22344
-19461
-16321
-12964
-9436
-5781
-2052
1706
5439
9103
12644
16020
19180
22089
24704
26992
28920
30468
31610
32333
32629
32491
31921
30930
29531
27736
25576
23080
20271
17199
13896
10411
6785
3072
-683
-4427
-8117
-11695
-15120
-18344
-21328
-24023
-26404
-28434
-30088
-31341
-32181
-32595
-32574
-32123
-31247
-29955
-28266
-26206
-23793
-21069
-18063
-14820
-11378
-7789
-4092
-345
3409
7116
10730
14201
17486
20535
23315
25786
27914
29671
31038
31991
32520
32619
32286
31523
30343
28764
26798
24480
21838
18906
15721
12331
8775
5105
1365
-2389
-6117
-9759
-13276
-16613
-19732
-22590
-25149
-27371
-29234
-30709
-31776
-32421
-32640
-32422
-31776
-30711
-29236
-27373
-25151
-22592
-19735
-16616
-13279
-9762
-6120
-2392
1362
5102
8772
12328
15718
18903
21835
24479
26796
28762
30342
31523
32286
32619
32520
31992
31039
29673
27916
25787
23318
20538
17488
14204
10733
7119
3412
-342
-4089
-7786
-11375
-14817
-18061
-21066
-23790
-26204
-28264
-29953
-31246
-32123
-32573
-32595
-32182
-31342
-30090
-28436
-26406
-24025
-21330
-18346
-15123
-11698
-8120
-4430
-686
3069
6782
10408
13894
17196
20269
23075
25574
27734
29530
30929
31921
32490
32629
32333
31611
30469
28921
26994
24706
22091
19182
16023
12646
9106
5442
1709
-2048
-5778
-9434
-12961
-16319
-19458
-22342
-24927
-27186
-29079
-30591
-31696
-32382
-32636
-32459
-31855
-30823
-29385
-27558
-25366
-22836
-20006
-16909
-13589
-10087
-6454
-2733
1020
4766
8442
12012
15419
18624
21580
24252
26601
28597
30215
31434
32232
32607
32549
32057
31141
29815
28091
25995
23555
20802
17774
14510
11055
7450
3751
1
-3751
-7450
-11055
-14510
-17775
-20803
-23556
-25996
-28092
-29817
-31143
-32059
-32552
-32610
-32236
-31437
-30220
-28602
-26606
-24257
-21585
-18629
-15425
-12018
-8449
-4772
-1027
2726
6448
10081
13583
16903
20001
22831
25361
27554
29381
30819
31851
32456
32633
32380
31693
30589
29078
27184
24926
22341
19458
16319
12961
9434
5778
2049
-1709
-5442
-9106
-12647
-16023
-19183
-22092
-24707
-26995
-28923
-30471
-31613
-32336
-32632
-32494
-31924
-30933
-29534
-27739
-25579
-23083
-20274
-17202
-13899
-10414
-6788
-3075
680
4424
8114
11692
15117
18341
21325
24020
26401
28431
30085
31338
32178
32592
32571
32121
31244
29952
28263
26203
23790
21066
18060
14817
11375
7786
4089
342
-3412
-7119
-10733
-14204
-17489
-20538
-23318
-25789
-27917
-29674
-31041
-31994
-32523
-32622
-32289
-31526
-30345
-28767
-26801
-24483
-21841
-18909
-15724
-12334
-8778
-5108
-1368
2386
6114
9756
13273
16610
19730
22587
25146
27368
29231
30706
31773
32418
32637
32419
31773
30708
29233
27370
25148
22589
19732
16613
13276
9759
6117
2389
-1365
-5105
-8775
-12331
-15721
-18906
-21838
-24481
-26799
-28765
-30345
-31526
-32289
-32622
-32523
-31995
-31042
-29676
-27919
-25790
-23321
-20541
-17491
-14207
-10736
-7122
-3415
339
4086
7783
11372
14814
18058
21063
23787
26201
28261
29950
31243
32120
32570
32592
32179
31339
30087
28433
26403
24022
21327
18343
15120
11695
8117
4427
683
-3072
-6785
-10411
-13897
-17199
-20272
-23078
-25577
-27737
-29533
-30932
-31924
-32493
-32632
-32336
-31614
-30472
-28924
-26997
-24709
-22094
-19185
-16026
-12649
-9109
-5445
-1712
2045
5775
9431
12958
16316
19456
22339
24924
27183
29076
30588
31693
32379
32633
32456
31852
30820
29382
27555
25363
22833
20004
16906
13586
10084
6451
2730
-1023
-4769
-8445
-12015
-15422
-18627
-21583
-24255
-26604
-28600
-30218
-31436
-32235
-32610
-32552
-32060
-31144
-29818
-28094
-25998
-23558
-20805
-17777
-14513
-11058
-7453
-3754
-4
3748
7447
11052
14507
17772
20800
23553
25993
28089
29814
31140
32056
32549
32607
32233
31434
30217
28599
26603
24254
21582
18627
15422
12015
8446
4769
1024
-2729
-6451
-10084
-13586
-16906
-20004
-22834
-25364
-27557
-29384
-30822
-31854
-32459
-32636
-32383
-31696
-30592
-29081
-27187
-24929
-22344
-19461
-16321
-12964
-9436
-5781
-2052
1706
5439
9103
12644
16020
19180
22089
24704
26992
28920
30468
31610
32333
32629
32491
31921
30930
29531
27736
25576
23080
20271
17199
13896
10411
6785
3072
-683
-4427
-8117
-11695
-15120
-18344
-21328
-24023
-26404
-28434
-30088
-31341
-32181
-32595
-32574
-32123
-31247
-29955
-28266
-26206
-23793
-21069
-18063
-14820
-11378
-7789
-4092
-345
3409
7116
10730
14201
17486
20535
23315
25786
27914
29671
31038
31991
32520
32619
32286
31523
30343
28764
26798
24480
21838
18906
15721
12331
8775
5105
1365
-2389
-6117
-9759
-13276
-16613
-19732
-22590
-25149
-27371
-29234
-30709
-31776
-32421
-32640
-32422
-31776
-30711
-29236
-27373
-25151
-22592
-19735
-16616
-13279
-9762
-6120
-2392
1362
5102
8772
12328
15718
18903
21835
24479
26796
28762
30342
31523
32286
32619
32520
31992
31039
29673
27916
25787
23318
20538
17488
14204
10733
7119
3412
-342
-4089
-7786
-11375
-14817
-18061
-21066
-23790
-26204
-28264
-29953
-31246
-32123
-32573
-32595
-32182
-31342
-30090
-28436
-26406
-24025
-21330
-18346
-15123
-11698
-8120
-4430
-686
3069
6782
10408
13894
17196
20269
23075
25574
27734
29530
30929
31921
32490
32629
32333
31611
30469
28921
26994
24706
22091
19182
16023
12646
9106
5442
1709
-2048
-5778
-9434
-12961
-16319
-19458
-22342
-24927
-27186
-29079
-30591
-31696
-32382
-32636
-32459
-31855
-30823
-29385
-27558
-25366
-22836
-20006
-16909
-13589
-10087
-6454
-2733
1020
4766
8442
12012
15419
18624
21580
24252
26601
28597
30215
31434
32232
32607
32549
32057
31141
29815
28091
25995
23555
20802
17774
14510
11055
7450
3751
1
-3751
-7450
-11055
-14510
-17775
-20803
-23556
-25996
-28092
-29817
-31143
-32059
-32552
-32610
-32236
-31437
-30220
-28602
-26606
-24257
-21585
-18629
-15425
-12018
-8449
-4772
-1027
2726
6448
10081
13583
16903
20001
22831
25361
27554
29381
30819
31851
32456
32633
32380
31693
30589
29078
27184
24926
22341
19458
16319
12961
9434
5778
2049
-1709
-5442
-9106
-12647
-16023
-19183
-22092
-24707
-26995
-28923
-30471
-31613
-32336
-32632
-32494
-31924
-30933
-29534
-27739
-25579
-23083
-20274
-17202
-13899
-10414
-6788
-3075
680
4424
8114
11692
15117
18341
21325
24020
26401
28431
30085
31338
32178
32592
32571
32121
31244
29952
28263
26203
23790
21066
18060
14817
11375
7786
4089
342
-3412
-7119
-10733
-14204
-17489
-20538
-23318
-25789
-27917
-29674
-31041
-31994
-32523
-32622
-32289
-31526
-30345
-28767
-26801
-24483
-21841
-18909
-15724
-12334
-8778
-5108
-1368
2386
6114
9756
13273
16610
19730
22587
25146
27368
29231
30706
31773
32418
32637
32419
31773
30708
29233
27370
25148
22589
19732
16613
13276
9759
6117
2389
-1365
-5105
-8775
-12331
-15721
-18906
-21838
-24481
-26799
-28765
-30345
-31526
-32289
-32622
-32523
-31995
-31042
-29676
-27919
-25790
-23321
-20541
-17491
-14207
-10736
-7122
-3415
339
4086
7783
11372
14814
18058
21063
23787
26201
28261
29950
31243
32120
32570
32592
32179
31339
30087
28433
26403
24022
21327
18343
15120
11695
8117
4427
683
-3072
-6785
-10411
-13897
-17199
-20272
-23078
-25577
-27737
-29533
-30932
-31924
-32493
-32632
-32336
-31614
-30472
-28924
-26997
-24709
-22094
-19185
-16026
-12649
-9109
-5445
-1712
2045
5775
9431
12958
16316
19456
22339
24924
27183
29076
30588
31693
32379
32633
32456
31852
30820
29382
27555
25363
22833
20004
16906
13586
10084
6451
2730
-1023
-4769
-8445
-12015
-15422
-18627
-21583
-24255
-26604
-28600
-30218
-31436
-32235
-32610
-32552
-32060
-31144
-29818
-28094
-25998
-23558
-20805
-17777
-14513
-11058
-7453
-3754
-4
3748
7447
11052
14507
17772
20800
23553
25993
28089
29814
31140
32056
32549
32607
32233
31434
30217
28599
26603
24254
21582
18627
15422
12015
8446
4769
1024
-2729
-6451
-10084
-13586
-16906
-20004
-22834
-25364
-27557
-29384
-30822
-31854
-32459
-32636
-32383
-31696
-30592
-29081
-27187
-24929
-22344
-19461
-16321
-12964
-9436
-5781
-2052
1706
5439
9103
12644
16020
19180
22089
24704
26992
28920
30468
31610
32333
32629
32491
31921
30930
29531
27736
25576
23080
20271
17199
13896
10411
6785
3072
-683
-4427
-8117
-11695
-15120
-18344
-21328
-24023
-26404
-28434
-30088
-31341
-32181
-32595
-32574
-32123
-31247
-29955
-28266
-26206
-23793
-21069
-18063
-14820
-11378
-7789
-4092
-345
3409
7116
10730
14201
17486
20535
23315
25786
27914
29671
31038
31991
32520
32619
32286
31523
30343
28764
26798
24480
21838
18906
15721
12331
8775
5105
1365
-2389
-6117
-9759
-13276
-16613
-19732
-22590
-25149
-27371
-29234
-30709
-31776
-32421
-32640
-32422
-31776
-30711
-29236
-27373
-25151
-22592
-19735
-16616
-13279
-9762
-6120
-2392
1362
5102
8772
12328
15718
18903
21835
24479
26796
28762
30342
31523
32286
32619
32520
31992
31039
29673
27916
25787
23318
20538
17488
14204
10733
7119
3412
-342
-4089
-7786
-11375
-14817
-18061
-21066
-23790
-26204
-28264
-29953
-31246
-32123
-32573
-32595
-32182
-31342
-30090
-28436
-26406
-24025
-21330
-18346
-15123
-11698
-8120
-4430
-686
3069
6782
10408
13894
17196
20269
23075
25574
27734
29530
30929
31921
32490
32629
32333
31611
30469
28921
26994
24706
22091
19182
16023
12646
9106
5442
1709
-2048
-5778
-9434
-12961
-16319
-19458
-22342
-24927
-27186
-29079
-30591
-31696
-32382
-32636
-32459
-31855
-30823
-29385
-27558
-25366
-22836
-20006
-16909
-13589
-10087
-6454
-2733
1020
4766
8442
12012
15419
18624
21580
24252
26601
28597
30215
31434
32232
32607
32549
32057
31141
29815
28091
25995
23555
20802
17774
14510
11055
7450
3751
1
-3751
-7450
-11055
-14510
-17775
-20803
-23556
-25996
-28092
-29817
-31143
-32059
-32552
-32610
-32236
-31437
-30220
-28602
-26606
-24257
-21585
-18629
-15425
-12018
-8449
-4772
-1027
2726
6448
10081
13583
16903
20001
22831
25361
27554
29381
30819
31851
32456
32633
32380
31693
30589
29078
27184
24926
22341
19458
16319
12961
9434
5778
2049
-1709
-5442
-9106
-12647
-16023
-19183
-22092
-24707
-26995
-28923
-30471
-31613
-32336
-32632
-32494
-31924
-30933
-29534
-27739
-25579
-23083
-20274
-17202
-13899
-10414
-6788
-3075
680
4424
8114
11692
15117
18341
21325
24020
26401
28431
30085
31338
32178
32592
32571
32121
31244
29952
28263
26203
23790
21066
18060
14817
11375
7786
4089
342
-3412
-7119
-10733
-14204
-17489
-20538
-23318
-25789
-27917
-29674
-31041
-31994
-32523
-32622
-32289
-31526
-30345
-28767
-26801
-24483
-21841
-18909
-15724
-12334
-8778
-5108
-1368
2386
6114
9756
13273
16610
19730
22587
25146
27368
29231
30706
31773
32418
32637
32419
31773
30708
29233
27370
25148
22589
19732
16613
13276
9759
6117
2389
-1365
-5105
-8775
-12331
-15721
-18906
-21838
-24481
-26799
-28765
-30345
-31526
-32289
-32622
-32523
-31995
-31042
-29676
-27919
-25790
-23321
-20541
-17491
-14207
-10736
-7122
-3415
339
4086
7783
11372
14814
18058
21063
23787
26201
28261
29950
31243
32120
32570
32592
32179
31339
30087
28433
26403
24022
21327
18343
15120
11695
8117
4427
683
-3072
-6785
-10411
-13897
-17199
-20272
-23078
-25577
-27737
-29533
-30932
-31924
-32493
-32632
-32336
-31614
-30472
-28924
-26997
-24709
-22094
-19185
-16026
-12649
-9109
-5445
-1712
2045
5775
9431
12958
16316
19456
22339
24924
27183
29076
30588
31693
32379
32633
32456
31852
30820
29382
27555
25363
22833
20004
16906
13586
10084
6451
2730
-1023
-4769
-8445
-12015
-15422
-18627
-21583
-24255
-26604
-28600
-30218
-31436
-32235
-32610
-32552
-32060
-31144
-29818
-28094
-25998
-23558
-20805
-17777
-14513
-11058
-7453
-3754
-4
3748
7447
11052
14507
17772
20800
23553
25993
28089
29814
31140
32056
32549
32607
32233
31434
30217
28599
26603
24254
21582
18627
15422
12015
8446
4769
1024
-2729
-6451
-10084
-13586
-16906
-20004
-22834
-25364
-27557
-29384
-30822
-31854
-32459
-32636
-32383
-31696
-30592
-29081
-27187
-24929
-22344
-19461
-16321
-12964
-9436
-5781
-2052
1706
5439
9103
12644
16020
19180
22089
24704
26992
28920
30468
31610
32333
32629
32491
31921
30930
29531
27736
25576
23080
20271
17199
13896
10411
6785
3072
-683
-4427
-8117
-11695
-15120
-18344
-21328
-24023
-26404
-28434
-30088
-31341
-32181
-32595
-32574
-32123
-31247
-29955
-28266
-26206
-23793
-21069
-18063
-14820
-11378
-7789
-4092
-345
3409
7116
10730
14201
17486
20535
23315
25786
27914
29671
31038
31991
32520
32619
32286
31523
30343
28764
26798
24480
21838
18906
15721
12331
8775
5105
1365
-2389
-6117
-9759
-13276
-16613
-19732
-22590
-25149
-27371
-29234
-30709
-31776
-32421
-32640
-32422
-31776
-30711
-29236
-27373
-25151
-22592
-19735
-16616
-13279
-9762
-6120
-2392
1362
5102
8772
12328
15718
18903
21835
24479
26796
28762
30342
31523
32286
32619
32520
31992
31039
29673
27916
25787
23318
20538
17488
14204
10733
7119
3412
-342
-4089
-7786
-11375
-14817
-18061
-21066
-23790
-26204
-28264
-29953
-31246
-32123
-32573
-32595
-32182
-31342
-30090
-28436
-26406
-24025
-21330
-18346
-15123
-11698
-8120
-4430
-686
3069
6782
10408
13894
17196
20269
23075
25574
27734
29530
30929
31921
32490
32629
32333
31611
30469
28921
26994
24706
22091
19182
16023
12646
9106
5442
1709
-2048
-5778
-9434
-12961
-16319
-19458
-22342
-24927
-27186
-29079
-30591
-31696
-32382
-32636
-32459
-31855
-30823
-29385
-27558
-25366
-22836
-20006
-16909
-13589
-10087
-6454
-2733
1020
4766
8442
12012
15419
18624
21580
24252
26601
28597
30215
31434
32232
32607
32549
32057
31141
29815
28091
25995
23555
20802
17774
14510
11055
7450
3751
1
-3751
-7450
-11055
-14510
-17775
-20803
-23556
-25996
-28092
-29817
-31143
-32059
-32552
-32610
-32236
-31437
-30220
-28602
-26606
-24257
-21585
-18629
-15425
-12018
-8449
-4772
-1027
2726
6448
10081
13583
16903
20001
22831
25361
27554
29381
30819
31851
32456
32633
32380
31693
30589
29078
27184
24926
22341
19458
16319
12961
9434
5778
2049
-1709
-5442
-9106
-12647
-16023
-19183
-22092
-24707
-26995
-28923
-30471
-31613
-32336
-32632
-32494
-31924
-30933
-29534
-27739
-25579
-23083
-20274
-17202
-13899
-10414
-6788
-3075
680
4424
8114
11692
15117
18341
21325
24020
26401
28431
30085
31338
32178
32592
32571
32121
31244
29952
28263
26203
23790
21066
18060
14817
11375
7786
4089
342
-3412
-7119
-10733
-14204
-17489
-20538
-23318
-25789
-27917
-29674
-31041
-31994
-32523
-32622
-32289
-31526
-30345
-28767
-26801
-24483
-21841
-18909
-15724
-12334
-8778
-5108
-1368
2386
6114
9756
13273
16610
19730
22587
25146
27368
29231
30706
31773
32418
32637
32419
31773
30708
29233
27370
25148
22589
19732
16613
13276
9759
6117
2389
-1365
-5105
-8775
-12331
-15721
-18906
-21838
-24481
-26799
-28765
-30345
-31526
-32289
-32622
-32523
